71.419036 72.722195
63.000000 -98.000000
3
67.500000
67.500000
1
6
5
0
95
-52.000000 49.500000 -38.000000 45.000000 1.000000 
-37.000000 49.500000 -23.000000 45.000000 1.000000 
23.000000 49.500000 37.000000 45.000000 1.000000 
38.000000 49.500000 52.000000 45.000000 1.000000 
-67.000000 44.000000 -53.000000 39.500000 1.000000 
-52.000000 44.000000 -38.000000 39.500000 1.000000 
-37.000000 44.000000 -23.000000 39.500000 1.000000 
23.000000 44.000000 37.000000 39.500000 1.000000 
38.000000 44.000000 52.000000 39.500000 1.000000 
53.000000 44.000000 67.000000 39.500000 1.000000 
-82.000000 38.500000 -68.000000 34.000000 1.000000 
-67.000000 38.500000 -53.000000 34.000000 1.000000 
-52.000000 38.500000 -38.000000 34.000000 2.000000 
-37.000000 38.500000 -23.000000 34.000000 1.000000 
-22.000000 38.500000 -8.000000 34.000000 1.000000 
-7.000000 38.500000 7.000000 34.000000 1.000000 
8.000000 38.500000 22.000000 34.000000 1.000000 
23.000000 38.500000 37.000000 34.000000 1.000000 
38.000000 38.500000 52.000000 34.000000 2.000000 
53.000000 38.500000 67.000000 34.000000 1.000000 
68.000000 38.500000 82.000000 34.000000 1.000000 
-82.000000 33.000000 -68.000000 28.500000 1.000000 
-67.000000 33.000000 -53.000000 28.500000 2.000000 
-52.000000 33.000000 -38.000000 28.500000 2.000000 
-37.000000 33.000000 -23.000000 28.500000 1.000000 
-22.000000 33.000000 -8.000000 28.500000 1.000000 
-7.000000 33.000000 7.000000 28.500000 1.000000 
8.000000 33.000000 22.000000 28.500000 1.000000 
23.000000 33.000000 37.000000 28.500000 1.000000 
38.000000 33.000000 52.000000 28.500000 2.000000 
53.000000 33.000000 67.000000 28.500000 2.000000 
68.000000 33.000000 82.000000 28.500000 1.000000 
-82.000000 27.500000 -68.000000 23.000000 1.000000 
-67.000000 27.500000 -53.000000 23.000000 1.000000 
-52.000000 27.500000 -38.000000 23.000000 2.000000 
-37.000000 27.500000 -23.000000 23.000000 1.000000 
-22.000000 27.500000 -8.000000 23.000000 2.000000 
-7.000000 27.500000 7.000000 23.000000 2.000000 
8.000000 27.500000 22.000000 23.000000 2.000000 
23.000000 27.500000 37.000000 23.000000 1.000000 
38.000000 27.500000 52.000000 23.000000 2.000000 
53.000000 27.500000 67.000000 23.000000 1.000000 
68.000000 27.500000 82.000000 23.000000 1.000000 
-67.000000 22.000000 -53.000000 17.500000 1.000000 
-52.000000 22.000000 -38.000000 17.500000 1.000000 
-37.000000 22.000000 -23.000000 17.500000 1.000000 
-22.000000 22.000000 -8.000000 17.500000 2.000000 
-7.000000 22.000000 7.000000 17.500000 2.000000 
8.000000 22.000000 22.000000 17.500000 2.000000 
23.000000 22.000000 37.000000 17.500000 1.000000 
38.000000 22.000000 52.000000 17.500000 1.000000 
53.000000 22.000000 67.000000 17.500000 1.000000 
-82.000000 16.500000 -68.000000 12.000000 1.000000 
-67.000000 16.500000 -53.000000 12.000000 1.000000 
-52.000000 16.500000 -38.000000 12.000000 2.000000 
-37.000000 16.500000 -23.000000 12.000000 1.000000 
-22.000000 16.500000 -8.000000 12.000000 2.000000 
-7.000000 16.500000 7.000000 12.000000 2.000000 
8.000000 16.500000 22.000000 12.000000 2.000000 
23.000000 16.500000 37.000000 12.000000 1.000000 
38.000000 16.500000 52.000000 12.000000 2.000000 
53.000000 16.500000 67.000000 12.000000 1.000000 
68.000000 16.500000 82.000000 12.000000 1.000000 
-82.000000 11.000000 -68.000000 6.500000 1.000000 
-67.000000 11.000000 -53.000000 6.500000 2.000000 
-52.000000 11.000000 -38.000000 6.500000 2.000000 
-37.000000 11.000000 -23.000000 6.500000 1.000000 
-22.000000 11.000000 -8.000000 6.500000 1.000000 
-7.000000 11.000000 7.000000 6.500000 1.000000 
8.000000 11.000000 22.000000 6.500000 1.000000 
23.000000 11.000000 37.000000 6.500000 1.000000 
38.000000 11.000000 52.000000 6.500000 2.000000 
53.000000 11.000000 67.000000 6.500000 2.000000 
68.000000 11.000000 82.000000 6.500000 1.000000 
-82.000000 5.500000 -68.000000 1.000000 1.000000 
-67.000000 5.500000 -53.000000 1.000000 1.000000 
-52.000000 5.500000 -38.000000 1.000000 2.000000 
-37.000000 5.500000 -23.000000 1.000000 1.000000 
-22.000000 5.500000 -8.000000 1.000000 1.000000 
-7.000000 5.500000 7.000000 1.000000 1.000000 
8.000000 5.500000 22.000000 1.000000 1.000000 
23.000000 5.500000 37.000000 1.000000 1.000000 
38.000000 5.500000 52.000000 1.000000 2.000000 
53.000000 5.500000 67.000000 1.000000 1.000000 
68.000000 5.500000 82.000000 1.000000 1.000000 
-67.000000 0.000000 -53.000000 -4.500000 1.000000 
-52.000000 0.000000 -38.000000 -4.500000 1.000000 
-37.000000 0.000000 -23.000000 -4.500000 1.000000 
23.000000 0.000000 37.000000 -4.500000 1.000000 
38.000000 0.000000 52.000000 -4.500000 1.000000 
53.000000 0.000000 67.000000 -4.500000 1.000000 
-52.000000 -5.500000 -38.000000 -10.000000 1.000000 
-37.000000 -5.500000 -23.000000 -10.000000 1.000000 
23.000000 -5.500000 37.000000 -10.000000 1.000000 
38.000000 -5.500000 52.000000 -10.000000 1.000000 
95
0 0 0 0 0 0 0 0 0 0 0 0 0 0 0 0 0 0 0 0 0 0 0 0 0 0 0 0 0 0 0 0 0 0 0 0 0 0 0 0 0 0 1 0 0 0 0 0 0 0 0 0 0 0 0 0 0 0 0 0 0 0 0 0 0 0 0 0 0 0 0 0 0 0 0 0 0 0 0 0 0 0 0 0 0 0 0 0 0 0 0 0 0 0 0 
0

